#dof, L-\infty norm of error, refinement_level, central_observer_time
1600 0.00025531969203617 10 6.40050485220720056
1400 0.00797528011852937 9 6.40014461480854546
1696 0.00797532794756919 7 6.40019330840968959
1368 0.00797528249847761 8 6.40020815578690794
1696 0.00797532794756919 6 6.40019330840968959
1696 0.00797532794756919 5 6.40019330840968959
1880 0.00002899656102540 11 6.40016656193156308
2168 0.00000366275942558 12 6.40010389088514398
2460 0.00000043885935833 13 6.40002638214599351
2688 0.00000004384694470 14 6.40000272125308634
2912 0.00000002652020369 15 6.40001134544806405
2912 0.00000002652020369 16 6.40001134544806405
